3000
9726
16653
17082
12242
4637
11957
3569
4832
5919
8307
5297
20471
15379
11303
21541
29478
4641
15976
26205
20176
113
18131
19790
10914
1864
32419
28443
24264
15988
32131
10131
12129
4843
4256
4858
31792
1967
2049
30220
6292
32244
28187
26431
24506
18565
23968
7497
22801
3684
27033
1762
254
16560
19380
4043
2514
10188
19679
14095
10489
19390
7189
23177
17523
15317
1912
23462
5257
31119
19361
364
3512
2745
27956
15291
9970
30424
20663
11219
20486
13256
1188
5655
11356
17827
29116
8465
26085
5605
26015
1461
11346
17869
11162
5354
13444
6
10176
13894
19524
3462
10300
17433
22069
12727
24805
26798
16902
4564
17683
24781
21740
11158
13233
18308
22096
7953
10644
20264
29893
20440
28171
2966
30524
8552
28088
12734
3707
21188
14238
28771
23243
15708
20602
17948
31217
31539
20567
30879
12640
14401
32349
4414
2221
13079
24298
690
26691
12481
26596
23576
4184
26608
20301
11577
31776
10073
10263
14
1344
15192
16698
2948
23429
22233
31493
892
9430
888
1713
10774
22887
23783
17468
1583
12336
7056
12917
25384
12190
12924
9555
32233
13960
1140
13962
806
4452
29798
9312
17121
28603
21770
4797
15665
19930
31684
25218
27713
9931
31437
4892
28571
643
18062
25177
31911
13405
19020
7802
14446
24007
12298
24201
24228
2363
24491
5357
23014
29042
31064
12347
12608
18644
20257
15951
28402
5426
8679
17820
25716
29623
9593
18624
28599
22812
4093
10331
9646
8732
14482
22306
1549
2088
2355
5167
7249
20059
18398
8091
12800
15024
31478
7503
30258
12147
27879
6679
15952
30965
4872
26361
17436
9092
23493
16068
1265
28058
10237
27115
9804
10837
29609
21652
908
10279
29119
19181
18678
28623
8022
20415
16380
28552
4618
16709
12479
26240
1442
16446
31954
9355
27888
3393
22337
29209
2553
20561
15826
13414
20822
32433
6026
8688
7386
21241
7283
6958
29045
2922
27293
31615
23640
25215
27747
30305
11098
30148
29679
21731
1179
3819
12289
10077
8551
797
24043
16222
12381
7310
23777
1510
8912
16980
1647
469
26989
21113
28747
8868
25630
25167
31565
9043
2351
22787
21436
6562
1968
6261
18123
1412
26906
10311
4451
29905
30261
5941
3107
3899
25400
1700
22694
7811
1842
5245
29700
26349
8874
5947
21147
25585
31106
24643
26895
15667
17442
30836
18063
1973
15314
2816
9306
10059
18022
29306
3714
25680
1313
7216
2544
2456
19156
13754
23465
7845
15686
22739
21840
4638
9688
10600
19179
26748
13673
6639
5610
17159
16248
18938
18789
21249
12424
13068
31653
3361
17353
6059
18662
12611
15348
26806
29531
31325
9079
5369
17523
2741
22482
30463
4955
26705
25665
21799
5316
7599
28571
10234
22502
21175
16762
6844
5316
29166
8860
31297
12210
11756
7305
1539
5653
31504
23670
22385
22635
20850
15722
21385
9611
19225
15775
23208
2861
29295
25387
10913
8108
21745
21471
9997
30987
11819
9328
31715
5431
16100
8916
20041
6027
9366
8175
28585
32665
17697
31855
18182
15656
8895
31989
25745
17785
11323
10613
29559
3535
23902
15327
32254
3885
17323
25087
14288
14178
15180
22178
17046
27459
30795
5626
8393
32312
12293
12611
19141
17146
30428
1447
6688
6554
9773
23135
32569
7878
24194
10780
13588
24648
31240
7077
26469
15055
835
28097
32490
17650
1024
23127
2046
27506
16523
13524
26476
8895
13091
18381
20865
20926
23467
13798
14181
22986
14242
25074
7851
24569
30293
8795
5926
15264
15699
17348
17150
11801
4386
7918
9476
18371
13872
17880
10563
7755
7692
3115
7127
14378
13526
28372
515
20847
8949
7923
2429
23999
22279
13300
524
27546
27678
18683
5461
19679
16425
2438
12530
10387
20144
29006
22213
23006
9157
17262
18316
16470
31543
31942
15285
25985
24584
17826
7795
7060
24609
9879
32529
31105
10309
1198
11399
22577
7236
10437
12107
13582
16241
22065
5481
7621
341
13480
17622
2378
17061
4447
18433
16924
9842
15215
18604
17866
928
32637
11514
15798
2713
1690
2761
29977
29506
7272
25921
28743
18223
8318
26797
2357
7187
9998
6282
13624
21114
3269
9182
22543
11450
499
21452
18468
21030
20716
18532
26639
4742
25518
30656
31068
32196
19652
9036
3214
9192
22378
14181
12899
4422
25329
18726
21082
23286
3429
9854
19059
20357
29038
11398
15414
8170
31604
22546
10998
5308
6662
17543
20311
9122
19837
3308
17422
30986
23260
17219
28648
18974
9723
29209
20750
755
30437
23644
3463
9476
11902
28525
27902
27104
11881
7030
8134
32287
30760
1534
30491
26778
18309
19130
29355
29148
11313
16038
18261
8147
26284
26965
17200
6603
3172
10373
13007
2206
14113
12791
11203
18212
17312
26494
24674
30449
25470
12629
24775
19776
1625
21173
27930
11306
24113
27815
15634
23580
788
8984
24759
31111
31226
6187
7789
27353
8942
12755
29230
29357
21102
23968
4631
12862
6677
18137
7206
12322
1143
13004
20802
14133
18509
30562
379
8659
14034
16374
3476
25930
26988
5223
8638
29070
29327
22124
3495
14639
5598
10536
23987
30089
19348
30463
6537
31547
4899
2471
19410
13018
22811
26754
14141
2534
29772
28971
23751
28668
32303
24143
14137
13390
2690
12478
20466
22353
563
11969
4326
9397
9599
28079
30695
10650
31067
6587
3876
23297
9235
28688
20207
128
32049
7968
19651
14139
21664
312
23429
8463
13585
25944
266
5136
9630
23107
25818
24118
11949
12242
7219
29011
9752
8845
30545
2888
1675
25980
13293
11897
22061
32315
14596
32382
24706
10061
16345
21788
18320
11442
3645
9075
12352
30396
9742
29560
3592
14110
3582
7590
20935
27718
6037
1777
32752
12013
18042
31484
29163
32236
15598
30347
18104
31825
20889
30267
18134
21938
12937
7537
16227
15553
14712
18832
6276
14369
21837
25967
11015
12664
11494
4362
6471
31430
24341
29047
12112
15861
1000
15644
3652
2737
21294
22560
9982
30329
5174
5407
18420
758
15066
28194
16994
16012
21948
18894
27301
21296
12752
8411
30692
30585
22299
6088
1782
30201
17082
24781
17536
16077
549
31250
606
14195
5045
7198
15429
15580
12388
27794
20390
3010
25301
18711
27349
828
3988
16021
30570
30096
21150
166
1000
31560
22052
30026
28828
31880
1676
10460
25544
25758
18361
15940
18689
13275
3980
12143
24534
25505
2474
29180
7602
20670
10368
21560
26372
8184
18309
9805
25500
20713
17087
950
29272
29454
10121
20726
1
12570
25235
16778
17776
9872
3882
31260
12533
13200
19386
8953
32505
17137
14225
32453
17889
13969
32229
22894
31030
28137
4633
25438
10243
6885
316
19701
31359
22770
31955
13878
13036
14936
728
18112
13759
16330
18178
512
23809
28219
16711
11174
6901
30452
1440
20565
12283
9700
18700
18079
30644
2615
14295
15408
4455
3370
284
9033
26532
27421
15241
5233
23335
17129
1890
30823
5374
12149
4552
3674
17391
8068
23868
8796
18708
24529
29535
2069
6088
2910
25595
11700
19655
22025
13639
23339
16528
25952
10599
29084
6414
11190
32051
16142
7800
31095
1081
14949
22390
14520
17925
15249
12421
1810
160
1029
12956
8625
13398
11115
3344
22440
7356
17558
30389
30343
15090
20152
10822
25904
21798
18133
518
24806
3929
28023
30376
4263
358
5284
1388
25276
28224
2573
16780
26766
123
29064
5334
9403
12302
9152
29594
32617
13655
25899
1990
21723
11615
2365
5968
21058
21344
21980
10708
5333
29572
15123
12671
16163
31472
13066
15147
30888
18689
24118
27083
2975
9685
12237
16650
5400
526
15997
815
31562
25554
3421
9796
7722
9494
24868
9335
30269
26397
30105
11200
5546
24379
10058
28868
16275
24799
25985
10490
2469
18641
116
28684
15342
11703
10172
7296
25327
31198
11528
18327
18419
21047
24339
3189
17311
28320
4307
17027
7881
18277
8436
14098
30094
15367
5508
10817
20638
5948
8176
4896
26843
5174
7471
28437
18723
18728
26173
8319
17001
6919
1227
8346
26123
7822
8245
2211
31327
2692
14004
13884
7567
8001
30421
3857
2728
10095
19753
10172
13549
30222
31294
20966
11633
1466
17615
21935
1765
7473
7224
23120
11182
7440
16172
16895
23099
23261
15018
32020
15253
11594
21805
6249
18487
3512
14884
2822
28449
29435
31137
1790
13096
18781
12373
20884
12944
11237
27580
26274
19676
17113
7829
27452
23269
27521
14741
13200
11562
3374
15452
24592
17511
16251
21160
21972
30825
9683
20937
5689
288
9267
10837
14799
5622
20785
8732
4722
5983
18750
27230
14518
30385
18216
26172
2185
20535
9699
13677
20755
27520
12168
22322
15329
5629
23966
31116
12099
3020
28313
18604
12274
25294
29856
21163
1526
11263
16787
21371
10439
16135
21581
32030
14003
25612
11046
4117
31615
20427
8124
22556
19025
9703
12276
24852
11982
30080
22587
30785
14719
25608
25362
19893
27513
31314
20937
18956
1341
18412
17034
27738
15581
20655
30618
17506
8032
30868
25564
23817
8552
25034
24727
11018
8978
28933
28792
21482
27422
27672
13275
24879
23888
26310
29254
13261
28693
29141
23862
19425
9578
16485
28703
14497
2810
14208
4526
17555
1414
7154
23121
12798
27530
21083
9209
7071
13086
25986
18207
19868
14106
18156
10501
10942
22397
32174
32574
29146
30992
14207
27760
30608
10310
28689
23129
10296
25447
8866
13584
26138
20461
14798
27533
6109
24367
12711
22892
31555
9788
8199
32238
4115
27914
5925
9281
12118
14544
5735
24833
8901
21936
32119
2302
20611
9113
13721
1344
20232
10860
1340
10312
30045
14685
16846
26777
15247
5533
21461
9335
32606
31798
16700
21231
309
31542
12778
17943
11615
26127
8858
25239
1399
26942
14822
28776
15904
299
29604
26844
25847
22608
5750
26079
8902
20638
10141
5756
28155
15388
20750
23715
16728
2258
28104
30761
10987
25573
12388
25360
18241
6147
6126
17161
31959
11009
9971
5175
3025
32451
4315
28982
17902
31069
20857
7260
700
30839
25313
11838
9224
5110
1402
3446
16025
29657
20052
5028
15134
15712
28603
947
868
23412
28684
13662
4044
9795
17095
6642
26877
11819
30694
32341
29142
11737
30061
11847
3494
26546
28483
23784
30368
29297
4416
30330
22665
14610
3975
16233
948
12784
4374
25736
19504
4394
10395
24734
26944
31306
20361
23329
26891
29993
5996
25665
3221
10765
1402
12841
8174
10517
19562
17281
8874
16599
22665
2871
21648
10311
25098
2431
31383
32731
31133
30232
28686
28140
17220
24529
22554
23136
21346
25933
869
3462
25109
27395
24085
13889
18630
29320
31227
7017
32255
30481
2317
31854
892
29492
23575
25918
31364
29678
14765
31081
21114
23786
8548
31363
17839
16896
20290
3531
6266
31229
4978
1289
20107
20130
21052
11965
19068
28143
16437
29045
2985
161
11955
13951
32322
2553
31876
26560
4510
29887
32480
1252
2258
29063
30363
5048
14723
2611
26015
28627
11512
3769
22682
15740
22387
16166
30964
968
22978
22243
31492
12803
273
23863
15491
5201
30978
24334
10049
31637
25600
30201
11286
7314
19920
16501
27164
27217
11368
12144
22043
28610
25349
19721
30277
27813
31608
24728
1572
14763
2496
5102
5840
14297
28126
32222
32613
20270
26597
13820
12724
16517
12881
21924
18233
20157
5785
2622
23118
790
12296
7361
32669
4318
20680
4726
29659
7246
15680
19199
20916
26799
12704
16279
25601
12736
26041
18331
26689
13404
787
1610
21831
10840
16697
26057
31280
15787
7256
17257
2456
14033
23048
12589
25870
27249
20586
28807
15556
10813
9075
2659
22411
15641
27783
10342
5887
8832
74
4984
3071
9508
18099
31616
12129
213
22882
27758
4835
8100
23603
5247
7780
12872
17427
16316
11604
10177
18
11461
8297
18491
14522
7884
14227
30516
6559
20708
18483
24801
22840
11900
9096
5838
29421
29990
16745
24518
18289
9118
826
16114
5970
23047
8985
30276
3023
3959
9048
2071
16873
16566
21040
31759
3005
31811
13747
27463
23568
28568
29699
6059
4140
22959
3010
4770
3051
1733
28873
14065
23569
14686
24861
31196
21214
9353
1566
22413
21220
23397
13826
24250
15383
23012
27010
8067
12067
2767
14803
409
6914
28427
31448
17829
18637
18970
17814
13800
22994
30692
1768
18974
27624
20408
26228
17065
22527
14478
6621
32491
16123
21135
30779
4852
22723
22999
25032
24669
14740
9849
20443
13939
412
28099
8475
15769
10948
10436
30188
12775
26829
17420
12590
12567
20382
31923
28967
8098
13276
3741
5309
26918
31164
6139
8425
8203
17941
22037
6760
16486
17850
8008
10164
6685
32518
15946
3890
9805
25016
4790
26029
19432
2305
6852
259
22435
25564
19031
798
11023
14238
21310
4390
26373
12494
17075
2805
5448
30262
6184
22220
5478
29242
14660
5444
20703
18025
26408
20871
31369
7506
6390
447
23859
20121
24468
27599
32137
2378
13997
16962
4920
30828
26361
3456
7506
5594
23999
13640
5619
8014
7576
15962
2341
25023
11381
4212
4865
20205
8931
22656
2327
4410
16526
23308
21264
4539
10756
19194
13970
9359
13244
30841
6756
20335
24151
27700
1235
24199
26661
17097
22868
15236
6123
23676
6506
15087
9444
13613
11466
21433
24581
30855
29886
29975
645
9851
11975
28304
17821
23532
27270
7763
10125
5036
5852
22991
479
29608
27217
17534
21743
31327
10930
2305
27819
8345
6142
10354
17048
17237
32388
21494
16662
27139
13381
1169
19428
15603
1439
17727
12774
16398
21805
25408
27686
9668
29417
30899
19994
20037
28307
1382
2853
18164
26967
2541
13663
24088
10922
22769
6553
7893
31861
4811
7324
18780
4725
32593
32178
7006
225
14832
8808
31942
1614
25596
20369
25767
11473
20803
29582
2675
1635
25320
26061
14191
2185
1135
16272
19555
19252
32532
12784
20374
12005
5985
32033
5881
11798
10495
27895
25251
24022
13517
32425
31613
25011
5423
5078
10815
22236
19625
22213
6811
31367
8876
13297
32439
3985
687
3269
1761
18276
20866
1956
383
12830
11487
8492
14148
31216
18755
25276
22442
28099
25083
25139
2460
7970
28546
28411
29810
5972
6154
4167
21795
26568
3673
14488
29622
6583
21206
21126
3322
16644
2788
2749
1143
13927
25198
31558
29348
15562
11203
7176
25435
5619
12709
7310
22665
19044
28572
2826
25898
10367
9361
27802
29813
16110
29591
10955
4435
22082
1804
31324
16918
11738
27105
8004
19560
7
2870
12789
30081
4461
8234
18915
4766
20397
22513
12608
32174
17217
5671
1546
16974
22695
10083
27720
5879
17601
9232
13713
30326
2172
30072
8653
28061
22448
12578
7488
28985
26439
15966
8132
20548
26274
31262
4437
5723
10296
19719
22483
29298
15744
26568
29188
30150
2578
6571
17369
16147
4617
30057
30706
26119
1963
14403
6755
15095
23628
10062
20665
11986
22639
22287
21304
30547
32559
4423
2919
17274
16605
19728
31695
5180
16619
27945
21759
3450
13064
14479
23507
21296
5005
16717
1270
18159
16152
11668
27046
14733
11638
5902
31159
25883
21447
29808
3803
17175
29148
16719
17696
4835
20196
22580
15546
9334
10568
13042
10499
15186
24019
1335
20672
7605
2582
25954
25510
9236
11787
30612
18717
23749
4344
20234
19523
6140
28054
31146
18740
28664
10611
27099
16265
8574
7061
12954
28190
18567
9824
18891
23577
21814
10426
17612
29479
19724
2668
17232
3849
11359
26571
31851
9808
31752
8345
8681
28772
28509
20006
3556
11467
7775
25786
28310
28584
12340
1079
25707
6018
2519
15355
18010
20551
21774
17924
118
18321
29596
32087
16576
30247
12984
5026
26176
8903
21183
18976
26196
547
14118
12733
7239
6185
21170
13947
14117
16007
9195
31252
14798
29807
21966
16865
16714
23447
22722
31738
1372
1669
1997
8095
18266
31753
11784
27862
9019
5131
80
20310
30450
4486
24383
26788
21499
7637
30042
1404
12083
2350
1420
626
17132
29804
32212
25561
22337
18449
8762
9444
25767
7307
25607
523
17605
30646
14645
17072
25990
931
2085
17923
12908
8856
31632
22307
10279
1111
21184
3206
18022
8355
512
13978
21485
15105
14161
8620
10471
21436
5982
12042
29566
10795
18098
2404
10922
13366
4905
30840
9030
12055
20900
6127
31593
11614
17409
30081
20467
17976
6987
23136
28774
18928
27181
17364
1272
8118
7085
20258
23270
12448
16919
7347
19210
1006
21046
28274
28336
28818
7882
1398
5798
2032
10295
737
14482
7650
5243
20488
18056
4607
25442
20948
9436
15901
13053
27496
12853
11796
10320
5123
5603
1221
20555
1064
18547
12891
3324
15869
2688
24529
25346
29938
15820
13237
15173
6306
21647
21547
27876
1790
19214
18996
9071
10664
24432
10800
30039
669
31693
9634
16034
27671
1673
27188
5091
4018
3296
29179
24938
22733
31681
10491
2744
26163
23264
3054
7734
16123
15879
9281
28966
20140
24748
1376
14297
27813
8137
12083
28194
29372
17896
31208
9228
10022
23933
28404
712
32151
32121
13140
7657
29609
17436
26393
25812
3202
29707
7715
18545
12209
26530
22061
26919
28506
20107
3594
24840
31123
27024
25133
32328
14605
14509
21103
500
26871
20330
5389
14048
8223
17256
6896
29922
5979
26937
10546
25661
12071
21364
11229
5472
30863
18441
9718
16593
17744
8147
25274
17252
826
17516
19495
10928
26328
16453
2750
26051
10579
5366
21128
28181
23956
19410
343
31931
8361
29887
29262
8157
10602
1861
10915
17514
31580
23012
17316
2058
16597
9131
13816
26453
4193
15366
27176
7234
8549
3288
12894
16610
13314
27337
4460
2638
12348
18402
29455
12254
16476
29783
14709
21147
27282
24995
17406
30967
28127
7130
21312
29372
26162
27963
28237
14659
31698
24581
11576
8166
8699
4749
3285
26807
10444
4492
12225
4467
9825
11453
12450
27825
31548
31144
27056
23391
30185
30904
21877
14959
23009
4244
27856
22734
19888
21420
9792
2454
29779
17426
31327
9860
13796
2444
4525
5804
31609
19943
32655
11627
25161
13198
11928
30110
10768
6747
25094
15633
25269
9900
28816
29755
7466
16058
7263
13864
9109
29222
11354
3254
31917
32725
10918
17668
15974
28158
27757
26664
29648
26753
18143
11296
6716
22907
5495
28939
31138
28695
30080
7834
23615
2471
23255
30145
27010
12531
25074
10930
10281
10192
801
23307
27560
12021
2836
13390
12490
11
31902
24211
11674
11779
16312
32633
6276
24492
16841
26978
27320
6277
27429
19168
8655
976
3539
29290
17585
30183
12691
31316
12214
6099
24863
28926
27659
28955
23730
20811
5720
17370
21959
24404
6303
28436
6179
15710
15208
19274
17429
19722
21019
13644
32253
12492
1709
15183
14091
414
2174
8255
29513
3318
8834
10583
12508
12021
31904
27118
21639
7393
3159
404
16240
13269
30887
93
29223
8119
29999
25981
24804
28267
22675
27669
23824
25414
29216
6733
14343
7878
25267
18083
797
28288
31958
1923
4319
22873
28717
16663
7067
15353
17425
17760
13602
2429
25978
14982
25548
1132
