3000
19490
15212
4285
1005
31463
26248
11111
6455
24433
20210
9808
10568
21782
954
12565
20186
20218
8575
21424
6291
28027
8765
20214
30588
716
24423
26211
29108
19167
31286
30490
28006
23177
7744
40
10232
2529
21068
9
11653
24041
19301
19309
25742
13680
30253
16700
492
15670
10868
32727
30985
28498
15625
32673
15440
8657
25552
14014
25058
26784
8213
10778
139
20140
8992
4013
22772
10823
24842
26110
7962
4302
17871
9446
30718
11656
16547
27543
32671
32722
6538
20444
27429
17529
17699
12963
7007
3688
10948
15800
13167
21123
4300
28371
1988
27346
9013
21461
31049
21730
18537
23631
4316
12136
14423
25668
28418
15144
2501
23600
25561
25365
10728
12872
17230
4026
29234
24836
18831
18904
20587
18139
9156
28753
13571
11085
28922
1348
15271
5415
20319
22138
16914
22019
18869
1281
24870
28430
14593
12310
31803
13070
28291
18249
23223
18851
14827
18395
32734
30668
8138
26987
13548
20910
21575
32209
31073
14737
19987
2123
19869
20524
1439
20439
2988
14882
13452
28895
16995
24268
10595
12827
18092
1081
902
8372
28446
27763
27494
14245
11729
22532
6903
5735
31856
4537
19041
2765
20111
26534
21753
29229
32319
13674
10863
13760
26336
25525
24648
26187
8759
263
30607
15103
7105
22458
10952
30622
28230
9538
22566
32224
16304
22196
23550
3605
3870
28293
28538
31499
10549
30612
24466
21810
14006
10603
12344
20734
6486
8642
32723
27789
2762
22341
16111
6282
12833
10648
4147
26705
9046
12951
25747
3412
32038
15586
10183
8637
6431
921
4347
1621
506
8036
27592
22436
9258
17591
28003
15962
27829
14164
27156
7917
19011
5905
32490
27780
17524
27099
942
8980
7543
1787
22805
11464
12761
18328
26425
13991
2714
8317
24650
14449
21894
2333
7041
13257
14274
21460
7254
28313
11942
23408
6643
11443
29386
10736
6888
11444
4452
31884
31008
27694
12241
18677
25108
30470
11633
10205
10046
17946
6072
18618
29393
28967
9346
21191
13479
14315
9895
22348
23419
9862
12496
14624
11864
22822
23177
11628
23121
8931
23447
14769
2163
7144
29067
21261
4088
23252
17303
698
6333
23904
14497
13271
16887
25665
29590
3691
8481
18000
27137
935
11577
32488
18652
28523
27179
31631
7077
29452
26766
27865
27061
27989
28046
7818
15822
13259
22313
6907
19443
28981
4255
7615
10620
19804
11043
6533
19305
16912
28375
21824
16119
16747
30711
25734
20593
4442
13396
32566
5193
88
21765
31838
1639
22397
2137
29788
13249
11704
4112
20035
8748
89
1994
15488
27249
13522
28607
27837
14500
26558
20401
28421
9905
11554
1567
6185
9528
9715
6076
25443
26267
3801
4895
5946
85
11315
23740
12709
13965
14171
30483
24435
9706
12587
6951
746
16298
15808
13618
3503
19438
28029
6551
12774
26200
5971
1560
11929
10456
10304
17225
15198
30915
3094
31300
22324
10790
4990
4767
32431
27993
31548
11419
3413
15063
30901
2974
20039
12620
28590
1252
36
6640
13654
18033
20522
1812
1159
2634
4254
16634
1865
2532
11886
29930
6552
17885
10774
23170
10599
30186
6080
17230
22500
13585
27311
18585
16382
15896
4061
2946
1572
19517
7139
15186
5456
29735
4122
22028
11589
2333
31488
22342
9749
25206
30685
18744
3301
5456
20902
27667
32244
30341
19745
26516
24538
30939
24138
15064
25614
15227
19702
24178
28843
23717
3254
19643
22388
25761
19454
25705
32277
23801
32390
22883
23468
26597
26353
10196
28551
27655
25517
15742
5423
10328
794
19794
22950
17507
8942
317
13806
12465
7896
32324
21194
27524
21091
28371
14793
32200
29214
1874
6015
17478
32762
14586
29462
22811
24307
1767
32518
12648
18930
12654
26400
17228
12786
11184
16337
18447
18274
3951
31397
28320
13003
801
1034
4674
16563
17987
28247
18818
1217
22512
19980
24940
14370
27570
11099
6398
22314
8344
11496
12509
16959
11913
24526
9031
26099
32215
16610
6217
11888
23831
27451
27186
18969
18737
4082
20039
32622
31667
6950
30136
6704
13163
10819
15059
13254
27444
14212
11896
23264
29456
7863
6605
24154
8055
24385
18482
16227
751
16225
11640
3806
26077
13497
15437
14856
28827
13834
251
2652
15306
23103
21587
23732
15082
26797
15075
21424
13608
16025
17520
2395
16502
11770
32672
1036
29409
14721
22006
29323
15903
20951
25603
29557
10600
30758
8667
27618
23944
27098
28615
12612
14129
14761
23353
2707
21397
31184
12293
19623
19252
23456
10701
5605
3827
26682
22973
27933
7023
13975
5241
18355
30352
17099
31828
15101
11105
19082
31683
23789
14367
21227
17425
6128
8848
15212
9300
30229
9877
566
19615
10098
13059
7587
20857
18372
10415
3838
910
10069
4040
4746
28581
6947
14186
4293
6866
6206
29551
13549
20205
7794
27785
19652
2882
13862
13966
21905
28042
1412
8466
23143
10011
16602
30267
1961
21083
31296
7121
6094
15482
5244
19093
32098
30561
23842
20436
28237
18405
4608
3387
13400
17473
21944
10989
26349
14019
22447
12243
29214
6341
13094
29747
3818
14815
18855
8837
4283
26459
7331
14978
11314
10217
27225
19069
6951
24468
4601
21238
16876
28661
778
2157
14802
10407
15369
26484
25839
7163
7251
20232
28446
11244
3397
5409
24646
25429
18081
18824
9184
28513
12851
6889
10675
19779
12981
4649
994
40
20977
6137
9769
25450
6693
30892
10852
27911
7851
23109
15953
29777
30681
22741
7830
20711
13863
15620
17158
26083
4239
237
8224
27989
21050
5935
8664
6129
19288
10304
17307
21764
18768
14853
27021
22189
23065
30112
24341
9801
24295
32650
7835
23855
12811
5601
18064
21918
25620
26883
24495
26611
21563
25179
22659
2079
10238
19835
23082
22361
26122
5995
23128
32272
14430
6209
3743
25124
6574
6898
9453
3413
29189
5992
25942
22524
26287
21205
8467
11257
24918
23110
4811
29676
4715
2939
5138
2728
29384
8182
19504
16100
2195
28242
15395
16180
29541
21974
19431
568
939
2122
15604
32531
24909
9737
9737
18975
1422
24664
23592
27104
3124
5622
27873
30774
8168
7669
3540
25558
1503
13511
9586
26106
3258
16284
20739
88
25259
23020
3053
5969
5850
24911
23603
31852
18951
29589
10300
32002
21104
4883
6614
18747
22261
25915
12922
18233
9594
16240
29906
9874
18573
30232
18296
18436
8264
8690
29953
19812
633
20393
27962
26072
9729
19882
11185
10822
23930
3123
26487
7692
25885
17325
28709
10226
18402
21820
23581
5980
8168
6548
27666
2501
13848
4622
18379
17512
17670
12283
30755
22080
25367
9784
16981
5683
22505
30979
18550
20875
24815
16396
4931
16037
10588
20175
26909
2029
31043
14114
5714
778
24572
23050
2718
26709
24009
31443
28658
7824
20665
2144
7795
28373
10445
4287
4550
13516
10074
4864
17291
24353
11694
9032
3879
21557
24310
5409
711
3860
6496
8212
16802
2216
2684
12922
23422
16684
25320
26255
15733
32226
27948
19912
8185
3849
3043
1639
5654
12810
25372
20300
8695
25586
12543
3598
29356
14372
6580
31562
12074
1872
27264
26939
29331
2719
6193
22667
23992
14128
31933
20329
25053
28104
6182
9948
10428
21189
22688
16983
15820
25172
11766
25997
23746
5348
27690
7302
2392
10203
16732
27123
21582
24199
17132
12223
29103
20311
21987
1510
1110
4427
30351
29578
17072
23977
9070
15940
22724
31218
28494
17336
11120
32276
32433
4460
24821
19169
29814
11994
21174
17600
4534
19907
19516
9890
3309
21703
15230
312
25690
30771
13919
14948
12200
21786
31097
8429
13517
17063
17433
26742
17459
19889
13706
8625
8213
4752
3991
720
29485
26927
587
5180
6796
5987
25851
5514
18121
32123
135
11947
14429
28953
20188
16738
6990
14912
21437
28411
17931
26285
29380
9787
24471
26475
26275
19859
12522
11426
15792
23960
9621
13232
32673
32696
16292
15226
24723
1317
712
4868
9554
18966
6838
13888
7380
22831
16586
11556
21254
25405
9456
24831
24780
24359
24004
23565
32066
26146
9208
10057
13385
8227
23798
14978
26175
21658
14535
12977
29965
29533
26420
17034
16999
10722
10283
4433
25423
22706
15204
31727
11483
32026
29507
27717
32313
25380
28417
15040
27632
13254
16391
20014
12392
13144
32410
28112
1453
17483
4541
31152
19568
537
11859
32052
9295
2168
20869
20468
22870
15059
14947
14537
19141
8186
9934
18214
12051
9753
22421
22188
22836
25319
8158
28920
25368
9247
968
448
24948
25652
10830
4382
1220
30529
9839
30763
19345
1086
23435
17360
10735
7802
273
14809
19019
4933
2391
13387
19299
16365
28617
18168
8086
1005
12870
25424
29022
9056
31175
28282
12571
11708
13890
32164
12306
15548
12750
11415
27829
8094
24327
17038
29733
18063
26292
6472
31989
612
14503
31324
7985
27786
9189
26317
19870
2880
14855
31966
29764
1539
480
28711
24618
32330
15712
18409
21601
24692
18104
22431
28739
16639
18623
9685
19197
6650
22165
13629
26699
31933
9862
25600
27267
3031
29745
21842
9685
20808
19945
6473
30929
17649
20827
1775
3625
5960
7025
31894
27577
5200
28535
31339
29380
13001
22909
19278
13697
9123
20476
12257
17878
30137
6332
16351
24931
8636
29940
30128
7874
4717
22708
6202
13
32016
12672
30457
3745
7709
61
11346
25634
11832
19026
23076
17600
9059
9735
5281
11960
4723
26160
28508
797
17600
10512
24738
11224
22049
20088
28430
25326
28440
6447
23896
32513
28489
32662
18542
26906
7217
28556
27590
8101
10260
2448
32754
27325
9527
5925
26485
9642
14672
16507
7637
16808
9531
17739
7409
26090
29934
15619
11413
20703
27567
8739
20556
24244
133
11495
18293
22810
32492
16678
21401
29769
8140
29562
14588
7493
11948
27041
11634
32096
3875
6691
10612
22272
13968
12085
20339
8098
28171
4318
23916
31519
28828
23128
23741
31790
14762
16057
1079
20011
6070
8403
116
11287
22345
25176
5739
18655
6698
11842
21569
3297
11989
17009
17507
19628
31785
31894
22225
23815
21857
11857
29885
10294
19013
31894
29268
10360
18337
20053
21212
27604
7159
3674
4863
1301
13425
17522
28006
3604
9753
18895
19850
7989
22348
7341
25799
24628
23916
5942
5555
5666
25302
3491
10669
21162
10516
6053
1209
10393
31571
2307
19339
2462
9495
23940
12257
12621
16685
7183
22294
16746
29922
29969
3828
29541
27506
8223
17611
801
9667
15581
29375
14073
29267
15134
30566
10501
8559
3660
2963
13721
18855
12299
19052
13071
12414
13849
32707
22215
11110
32632
12451
27499
3307
15568
4648
15480
29230
22543
25236
23290
1173
32594
22688
8087
961
22280
7440
3534
11200
5972
650
31873
19332
6324
28584
10161
8084
5089
12108
3978
17666
6390
6964
18591
22685
467
21710
8566
5735
25540
77
16711
3402
17502
13820
9217
15110
5546
7634
6030
9326
15750
26951
7768
15828
11335
8039
23308
14274
18083
28453
27038
1003
9935
31729
18829
9824
30948
22669
15720
9991
30343
9244
17297
14154
17865
32124
3137
24588
16204
16597
4300
19425
24488
17266
12326
382
26636
464
29862
8814
29225
29685
26379
519
31563
31747
4797
10397
10953
8973
8021
5877
22432
6185
9054
24060
4443
9671
5213
24249
12342
4417
30736
18049
12418
6323
15092
7018
23883
780
20489
27906
3641
30309
32217
32064
31924
2194
31927
30138
29771
15863
19013
32025
25175
27293
22073
16586
2267
10630
27744
18167
22703
24125
32739
7350
14046
29872
15305
13440
12620
21314
31933
2276
26268
13085
6161
22396
9552
21189
5124
2081
1586
14067
13632
5211
1523
28064
1447
795
25107
1888
14415
19629
15616
15089
3787
15080
19842
26388
9133
6568
7510
26267
15944
19326
6938
27332
5051
5797
873
20421
6443
15928
25926
8104
19279
15267
17854
14169
3890
11352
9929
16894
4148
18371
30066
32390
16210
29055
9015
901
22440
15306
28339
30015
3124
28214
8058
25090
17117
25762
14661
14522
180
23145
27215
3519
27513
30169
14590
8689
1121
10215
13510
24583
22
13344
11851
17444
24576
29923
15045
25003
12483
12238
1705
31573
4617
3702
15238
24961
27521
3931
32044
2763
29480
795
16916
6879
26823
27109
2812
19344
10940
17713
15826
27684
2046
12718
10195
27378
29532
23932
27380
7472
31749
11932
23169
14598
12109
11685
2820
13798
18350
2232
6504
1824
19725
17077
27998
25777
2623
25263
31488
5724
31692
14238
18356
29949
7155
1108
13908
5657
12270
10163
24204
21945
31351
5404
29571
12921
30602
12586
32189
12252
1389
26273
27712
13026
7918
1953
16629
3293
2796
20256
23634
10368
9496
5783
11318
3385
9213
5114
16916
11457
62
13294
5204
12017
24863
25655
28406
12247
12871
25199
22393
9225
18117
25342
26619
22329
11600
9286
26017
14602
6611
16926
5689
27682
2089
23938
6430
19328
31780
27784
18268
23056
725
18070
24341
20605
22791
16595
32292
15687
23309
28379
12287
27413
8638
23479
4834
332
28861
20236
22570
4832
23038
29330
9215
3947
14981
27592
4149
19068
29809
15847
22132
3377
2618
2068
26007
26120
32567
29657
26195
10994
8547
26582
29465
25001
8288
21172
1853
580
5564
8795
26967
18441
25204
15205
5354
1154
1462
1234
26435
10451
20715
23549
5028
31050
7413
1230
8866
7992
25781
27186
204
3327
26833
17096
24717
26733
16564
28126
29524
28488
31958
7323
15857
2602
15933
7037
3139
399
26436
20487
18448
2349
18843
16051
14132
5508
30095
11566
25854
12213
3723
13508
15063
15255
18655
22809
3108
25608
29889
30491
6510
8577
14993
8244
20160
3822
27746
13764
16721
188
4277
22734
12387
4659
2695
498
3435
7430
655
21915
20338
20264
30145
2169
5563
21218
3350
26674
23974
15651
8847
23636
20436
13847
6008
29583
26764
4090
24554
20769
32606
16431
26515
3729
29190
28300
13241
26016
30355
3833
26237
13949
22728
14649
1885
15928
9922
13063
13565
4473
4315
24677
9255
12146
207
3633
4112
16658
11293
19193
32733
22651
9648
16912
1381
17591
12991
19681
22841
19878
26354
11908
30690
27707
19398
11663
9321
21224
5938
47
29725
23127
13707
15991
18320
9819
10917
20215
21731
5926
3643
401
10051
23228
10128
19592
14260
12968
27735
24538
781
16877
26320
720
16708
30527
18229
28627
8684
26483
9300
8833
12796
11317
12157
19456
20178
6905
24478
24978
19064
26676
22445
31082
9509
2763
3142
27071
7
29643
27798
24094
11583
28252
4727
22276
302
15344
15836
18348
18671
16576
8048
17958
2596
21625
13946
425
28662
2866
17924
29482
2391
2722
9532
31789
15498
16272
28442
26588
5094
1930
21827
598
18391
8922
6702
14921
10789
694
30341
195
22137
18359
28110
23365
19485
1165
22090
23578
21763
6384
6173
29926
24073
14553
26544
22402
9339
29683
32596
22791
23769
20812
7208
2857
14043
21329
16956
32711
25267
30713
3062
27327
31634
2368
2229
5639
31597
20951
28341
23546
7169
2586
9267
7151
18709
4418
25553
23824
2047
18140
59
4970
30825
6266
2827
15168
21077
6056
25322
16037
1375
11297
27896
22858
23874
13891
32111
28308
20382
13761
13187
1521
22265
18584
19596
24941
32515
5700
12902
25216
1566
31539
18712
12586
14365
2170
16309
22850
26188
11207
26752
21004
8369
5014
23635
9225
5266
9128
27970
8467
13368
3505
11387
25257
3058
25170
1904
647
26716
11846
16441
16761
12768
30688
17715
4210
8574
12469
11246
12248
13001
28566
21318
22819
30514
1729
28879
9894
11913
19031
3447
11692
18625
6929
13670
32455
13556
2351
24361
101
8614
9138
19984
22436
4686
18379
29652
21352
28179
1171
5501
3498
27603
26364
14211
14099
32617
16904
5428
16585
11312
18233
10069
22665
24771
840
32268
27382
16391
4890
29182
8240
31596
9455
28852
1705
8815
6621
26691
24628
2916
23421
5676
17759
14706
14820
15745
4867
25567
26068
2121
22041
653
23348
6182
10703
965
20414
2613
15324
3892
31224
29238
27408
31283
17509
4333
13359
20812
16636
18887
24831
6905
28889
7105
11680
14254
13363
8582
22556
794
30350
23767
20031
6827
27441
20784
28073
27984
28123
12713
2593
30850
23474
9754
11820
22149
30844
27522
18910
491
13329
21418
17393
29275
25616
26629
8468
30352
17874
13275
13701
28580
23708
31142
5346
20879
25
22461
13373
3307
12039
8239
29294
17914
31280
26610
31405
31977
7068
4413
13664
2902
3589
21810
15153
6929
14475
4288
32356
31263
681
22728
7783
28677
25704
6526
6571
30787
18130
17683
20915
1566
18602
21905
5483
13730
15194
9734
9658
3560
27693
26340
26714
14485
3518
12712
15592
21155
21937
32698
10295
14948
8864
2196
18922
32451
15960
19239
20546
21454
4166
18042
24116
12401
21548
9621
6079
31108
10520
25245
18556
24073
3223
9536
22647
18606
5670
24660
829
2714
1769
29370
1334
9061
416
20361
13109
19048
32470
29032
12366
7480
20827
7484
13800
5997
20213
14340
8722
14248
29011
13312
16411
30164
834
22809
32604
28331
11812
27773
3161
26748
31645
31626
9
5420
8079
19949
6513
13692
7753
17163
13688
393
8955
7840
30966
31385
6765
2213
24846
2580
26097
17528
11710
4561
14999
25399
23220
20883
159
30060
6755
17876
18228
32752
1879
25537
8279
14345
32709
22149
31001
19158
24423
8650
16909
13293
2950
19837
31741
26434
1369
32466
31964
21067
30349
8841
252
30817
27685
3183
23681
11882
13188
12327
24854
14773
3528
22314
19422
22053
11610
30733
20397
26514
12739
4867
3961
23148
5570
14242
7435
30625
17307
6122
20474
12225
17329
19587
2266
8545
14679
11846
13489
24253
8676
26879
9386
13985
2565
11121
3598
1161
11608
6299
18031
19463
13366
24122
4135
9061
976
5263
2817
12683
21629
19298
7477
17188
594
26695
26778
15101
19444
14880
8215
25005
29610
26083
20826
22651
30390
4254
30413
13180
20198
27320
26054
32508
29286
121
27903
13343
1496
29644
14149
24776
29862
836
18036
1722
25495
606
6818
30206
12705
9990
22939
9860
31487
20572
2702
21773
21123
10935
14853
26439
9516
21738
6682
23354
31739
27335
29416
17892
4099
6370
30529
9504
25792
7576
20895
2253
23721
23375
32092
22315
31752
24574
16421
12424
19978
1521
22444
13853
8210
4550
12189
14387
1875
29116
13268
3978
25758
557
4813
9722
23160
31576
1115
29275
26992
27748
26781
27555
9904
26530
21294
14158
16593
17427
22173
5891
18164
6186
9245
22900
26126
20946
21373
21126
4227
4019
26458
7858
17399
8113
24979
13738
24928
18102
31741
4160
19296
13746
22872
25988
16083
20448
17026
17197
6564
9802
17387
1339
996
19599
16201
28890
12061
27364
17805
30344
8163
12633
19733
24442
13741
4190
6179
27196
25827
23173
24462
6809
22328
13193
5559
16570
26170
28816
21951
31634
9255
19885
21239
14969
26371
7337
23704
534
2535
20739
18869
30851
22684
3381
24941
31916
22889
5433
4965
