3000
19704
26920
19020
5238
300
23967
5106
13218
23436
8718
23098
31565
13635
517
30019
29353
2564
5752
13823
4979
26354
2325
27703
18397
16573
8661
3535
1227
29966
21202
25420
21569
31526
13912
23955
25628
1986
13118
30963
27905
10305
15223
20838
1428
6408
22756
19476
13802
23334
31852
31257
24384
19764
17231
6280
19437
19327
9911
20912
31637
7018
18833
9118
32672
9741
22682
4067
31722
17954
12477
30871
8124
11554
16284
20125
11004
9131
21101
29993
21408
10533
18183
32384
8040
13989
21308
9727
1485
10513
22122
11103
28213
5766
26957
29495
24168
4854
8215
4290
27975
10262
12995
7395
19900
1143
32678
32358
1517
9714
7239
1929
9909
842
26736
3259
5972
30989
22405
22691
18789
32187
25621
8548
26897
24874
25007
25376
23939
6953
8439
17339
11675
28004
6648
25569
7399
23688
4284
16714
5327
17575
26650
3644
11791
3293
5840
8786
28267
15924
29394
26749
3741
453
18145
28232
23699
18976
26206
30816
3543
11246
13153
16467
5711
10709
19206
16280
22310
30620
19463
11216
14858
30864
27536
2123
3224
32038
19534
28878
12308
993
19402
403
29022
374
14837
146
7457
29743
12035
11263
9294
18061
29565
21012
25801
17713
11922
5648
27234
11260
20143
1664
15366
3702
24655
26813
2358
8044
18195
23990
19385
7134
3349
17391
12686
23832
15482
31434
25381
22046
30534
27398
31183
77
16756
30853
14962
31552
12615
16722
26753
25585
31195
19938
17707
10016
1023
5786
3795
21241
2375
658
5313
11249
25948
17305
13079
2289
4503
13177
19206
15030
32462
5756
2881
632
16750
26414
7346
23497
17354
3941
1901
7617
29363
12927
25570
14168
6217
27883
11350
2835
22800
11499
17044
11747
1863
2199
32223
3402
16501
13606
21804
16575
2372
873
31118
2644
23442
1432
29938
19094
23238
16977
8460
27572
8800
6366
2705
2020
25301
15031
5287
20227
16537
24135
28826
28539
10621
3827
15824
1642
5179
15961
26111
23297
24143
31445
2461
26922
15369
28490
4248
32621
28385
4127
13128
29716
13834
6535
4002
13709
11594
17158
7854
14865
3592
19505
7739
4739
1703
18101
17105
9371
7186
16794
17895
20547
18840
14793
9302
1089
21243
29644
8462
1559
31939
8918
24583
28967
7896
259
11643
12571
17744
15584
17747
31620
21382
24622
11999
3265
23916
5091
201
11299
11042
25970
8524
15183
6855
29004
22177
21731
21647
5799
15290
15964
1301
6270
27955
12599
4595
20441
646
16214
31889
21326
10110
22182
26426
14280
27118
10239
28789
20103
4002
30027
22674
1128
2198
2795
9603
18023
20838
26710
14573
3938
23046
23555
3199
800
17587
5770
2179
14993
4393
30982
10418
9559
2071
8893
25421
9350
31440
515
1641
17064
11075
27739
32651
11525
28717
480
16756
21025
27021
24547
15422
18821
22873
26326
7080
26818
29807
5992
16303
10676
16334
19186
9054
17924
19974
19218
9702
11248
28909
3221
27121
12367
13204
4507
16180
8655
12409
14069
19011
8578
6142
28882
24234
25753
31514
15003
16185
17263
11855
15899
14495
14793
22748
30179
19003
15452
1075
20205
20782
1935
16301
3455
27061
19331
11389
31058
31414
22864
1507
5364
8088
13714
31138
25707
25688
13349
25779
1819
2009
300
18491
10474
14460
15192
2747
3745
32497
871
22918
16789
19277
9450
15993
7816
22620
15436
15846
19402
22840
32272
4305
23203
9498
858
20319
6134
21873
16305
8075
20510
2609
1027
15387
2588
18542
13033
26578
32244
10025
2605
8424
19028
15978
9610
10423
11639
3215
7858
13239
17737
17891
28310
21932
6860
17010
29665
32286
31930
32284
17093
6410
28012
24297
8699
10199
10234
13724
22789
26251
164
11403
13239
20799
9328
6317
24309
7633
31765
24821
702
32216
13848
28638
15722
15581
15413
25416
25647
3784
6144
28290
11498
8856
2764
8872
9500
19799
23756
4399
6707
24909
10104
31934
22284
1397
7986
3135
23221
8493
8234
13367
27767
12337
639
19026
12564
4810
31143
30531
9549
11843
784
31434
8615
29085
10247
30230
19311
4740
5850
12366
5884
5761
22329
2411
16180
31856
7650
3912
22098
6709
894
26876
21478
683
8901
3175
17436
2013
25065
29195
31810
11641
27442
15133
30853
8065
6373
32220
18171
324
22635
11298
9191
10381
18607
18489
11064
6426
6088
23535
17234
21583
25560
26093
9489
20780
9012
12612
9483
12413
22469
19273
8726
336
4526
2979
15627
10668
1326
25250
15817
18304
14280
25043
18812
7642
2210
13009
19999
25177
6188
28765
18239
32485
21249
5553
16386
7069
9234
30738
13929
1297
4609
32421
17362
17074
19403
3203
11969
29063
26794
20751
18911
14113
24378
29320
17475
24784
30682
18138
20209
791
15957
3770
15264
11614
14018
26353
30913
1511
22952
25592
3772
25091
7014
3014
637
11910
722
8678
16687
15480
4897
31180
31047
17933
3335
17257
1221
16343
19230
1533
18614
19003
15756
15661
11774
22306
18657
19541
5972
22512
3134
15391
30862
1978
21180
30293
29471
9652
13323
29683
7134
13288
10330
4481
19977
3630
4983
32159
12169
27992
2872
30178
19063
10925
23833
17886
24544
22425
5926
15492
22469
32162
6172
2991
29286
6814
27339
17913
7873
11555
28862
28371
6741
25920
8222
20693
15915
19818
22740
3666
7447
32697
5358
8240
22332
15189
30788
14070
18126
28203
859
12839
27164
1764
28041
8655
11981
8983
27226
1627
617
28093
24115
17069
19484
16870
17973
29808
13239
26027
22372
9897
23032
29028
6409
4751
26123
14107
32341
25245
3152
15936
17222
11237
29279
10141
4303
4519
5194
3469
11315
18210
3874
13417
13746
25514
29884
8004
14951
15611
3252
23768
7537
15309
9907
8383
7249
24233
25070
31975
29331
24314
3567
20288
24753
11367
2200
14263
6708
12896
15717
10856
24348
7159
10737
29199
17538
2546
3004
14016
28796
28446
6955
23769
19777
1766
30672
20532
30605
6691
10732
4001
27719
1590
23858
3219
14690
14933
14542
13081
13825
7970
30886
11792
1502
7298
11232
15256
27628
12716
15524
9668
12347
21376
9507
13206
7452
1307
30168
9770
22407
24232
4365
5681
5817
30328
16290
17825
32545
24662
778
14763
9341
14100
18582
12526
30529
25706
25078
18922
8504
6913
26365
28087
5485
14026
25764
21238
22348
30612
32082
11529
15621
18910
24154
23423
12593
4585
11973
11730
14264
11538
23379
3925
14834
7519
25532
12136
24076
4952
3387
31214
28078
18968
7757
29697
4058
27043
1975
20708
23064
25466
7878
21304
31952
32109
19674
20083
3831
32433
22566
23695
15597
13106
10673
7167
24230
14634
13472
2535
14601
19699
25272
19596
28309
1818
10783
522
25418
16564
12386
26437
6087
4597
7868
27425
16304
7934
2966
502
5970
9975
7498
19774
15498
2398
18988
27537
3810
13726
22987
1236
23294
14564
2932
26285
21815
24110
1528
17721
10117
5285
29871
29698
5794
4140
30141
11051
620
22585
15764
11502
17804
14563
5051
24393
14421
19005
3277
11763
23278
483
9668
18581
27316
722
9335
4407
26330
8061
24930
20216
18514
16925
24230
30979
28913
12104
20560
11710
5582
22213
31198
10821
10475
9887
1280
22038
1559
5240
13723
14094
26386
20768
7955
24980
25331
23142
16074
14612
31943
24366
8164
5295
1403
10692
27726
7216
21756
1136
3838
28994
7836
19531
19324
30945
25784
9808
28321
22799
20375
2742
31902
32456
27542
6782
65
16439
4738
29512
24436
28458
1094
30058
22791
28612
29382
12355
4015
10097
1290
26829
17998
22559
5535
28274
12660
15276
12346
12833
550
29594
4767
21408
3551
8458
13505
6436
14293
14568
7211
1311
32637
26723
32414
32345
22609
7584
30716
15938
11985
2223
22372
31111
16072
10430
18335
30435
7888
14732
22203
2104
9496
5409
8437
6622
2405
23997
8925
19514
26711
1038
30388
19347
3054
32165
281
23074
7500
16299
20709
16488
9149
20944
13907
6085
29940
3461
21860
9029
31384
23915
14209
10941
28927
4363
8290
3095
825
6343
10800
30442
26704
15888
27878
1614
26062
11226
13565
11502
23424
23373
3400
10078
15482
14526
8221
26799
6491
5341
13237
13633
8146
13872
17877
24537
13153
7872
2734
23795
865
23058
21251
8282
16967
26456
7561
30965
25125
5097
22419
24292
31348
23023
4334
26572
15120
5983
9994
21870
4228
12591
11099
29311
23944
30403
2303
12723
28104
22952
11681
17180
1511
19844
14749
5042
13508
25677
31589
27443
18940
31418
14883
7213
5552
2295
5024
31320
21896
27549
29028
2858
29431
14561
22815
9382
30401
30220
7239
28277
21947
16683
11011
31031
31442
17159
3656
24603
12879
32087
19777
10413
23130
18741
16885
21744
31932
6607
8484
23469
13801
22367
14705
31498
3389
26205
11719
6494
8838
12018
12021
10308
21699
14513
30875
15855
17963
11906
5450
22717
24945
24286
11751
270
17479
3138
26704
15702
13089
8669
6466
3185
31291
8332
19835
23095
24541
22537
28187
8785
3038
16480
1104
13643
2151
1954
24626
21481
16377
10204
9964
5311
7345
6474
3101
18428
11467
29897
14974
19847
28774
6795
12228
4429
13446
12558
4040
8665
8031
4175
13029
5413
20945
27963
29601
12207
16943
22886
32656
464
13380
27391
12150
28489
29336
8452
10924
21791
11503
22450
22981
16810
8211
24896
27760
29416
27347
5836
30368
3863
13388
30102
26859
19330
1895
7276
26672
30107
1955
15717
18557
4682
25365
22482
12080
1925
9645
20082
8284
1057
20922
11749
31598
6631
25008
14179
11024
15851
5929
942
3149
8985
15147
21061
20726
8977
13225
22747
24901
10549
4684
9991
193
21503
115
29245
14945
16537
11384
24061
22516
13479
7221
5194
26816
6759
2246
16990
7018
765
10129
19868
28438
8968
1156
21702
32718
32121
20894
20848
29224
12453
20401
28085
16931
6553
13414
25128
31059
16813
12673
28685
4158
19036
358
19402
32517
19282
7388
2968
16711
22215
32274
28286
20802
6156
5344
3968
24123
16483
20558
22804
16928
13844
24922
19669
31341
14781
6902
29563
10316
30186
4945
2315
23552
11493
27223
14667
12163
30928
22907
121
29806
20976
28852
1084
31002
20300
9413
30939
10501
21879
4802
26285
3191
10154
7376
25553
27493
3861
17452
5662
6037
3191
25711
4445
8707
18413
13328
26038
32644
13063
11818
29289
24745
4385
18815
20671
16614
23025
8382
27455
28915
10844
28673
5412
8307
14222
2970
13839
10964
30793
13327
24058
11126
30845
27491
21869
7439
2842
12183
32244
2126
20002
15985
5840
1470
13570
18044
14829
5870
3362
10576
9492
6863
12475
13075
9058
24925
23529
27456
11001
8833
22529
25255
757
23606
28964
8886
1442
23532
27156
8694
21228
30505
25159
25048
1814
14198
25146
6578
18863
32121
520
4869
18626
24415
24123
6913
29774
18045
20194
11595
3573
4150
5348
15357
24824
13855
29075
14575
13923
16737
23684
17461
22917
3423
19359
9192
16547
7577
16754
26922
11758
2768
5578
26212
23729
19308
11397
23250
3791
23322
3746
30530
3693
1465
6554
8216
30700
22903
14579
4246
24602
1079
24082
17242
10921
8247
10833
17448
9440
13295
32593
20202
14480
26940
27026
24565
19274
16317
6464
6542
7631
15997
23888
8877
16328
26835
21708
25345
27575
31367
19051
16435
24366
12086
28261
16495
831
6392
25221
13857
31027
19007
19584
22780
24446
22275
25221
28737
25331
28956
9749
29246
28725
9199
16661
15637
6510
29516
14626
19646
1091
24983
27940
4687
29703
8486
4390
20603
17454
29931
7269
8537
26373
1107
23974
2407
15521
9837
10701
15311
22037
26703
22700
29673
30953
21174
1049
2048
30407
13036
15683
6489
11638
27375
11334
1393
17165
3279
19964
31879
29280
17752
17430
24922
31679
23025
27500
22068
3552
15812
11410
6951
15129
543
15020
8599
20178
9754
13443
30969
5947
2427
23512
30937
30522
1750
22264
19490
21672
30969
12432
16794
14012
12167
2499
1452
10439
5858
12922
10602
13602
5966
7163
6866
3173
28500
22974
29264
11482
3429
9339
14725
7730
11456
5000
3911
5494
14742
98
19689
5440
16491
18570
4284
24106
27839
24978
20949
17287
23278
29559
24849
14417
16725
27953
31575
10339
13494
18313
20765
29160
3037
27179
10030
4884
9860
26364
29866
24594
7029
32685
8782
21821
4590
10641
20213
22930
19017
939
15711
1381
6620
29452
20274
16724
24095
22876
12606
20858
11020
6582
7429
8421
14540
24505
21371
24905
21647
23771
13578
21237
22716
28673
6873
18695
28746
27469
21838
15836
10605
27703
29650
3019
7030
31200
14804
7699
9204
23970
25872
11793
32544
27116
10513
24759
16248
9037
1012
22585
26793
32718
20592
3593
12722
12421
14611
2310
12871
10599
28878
17393
32627
23390
21684
22560
31618
21660
23295
16502
23838
15150
29524
18578
12728
21972
15432
31815
24362
5904
12834
11084
26778
24189
15074
21813
31393
25698
13187
4514
684
903
25214
18615
21923
21831
29583
20428
10697
21479
24763
15973
26596
30502
27794
3940
6045
32533
4530
25213
27433
24873
2956
29163
11817
2959
23659
4193
7119
29375
29874
17220
24643
7508
24420
19735
18757
8731
6122
15415
27155
19562
27921
20936
13965
23219
5459
21743
22935
2904
22615
9793
19135
27585
29115
10108
26400
7597
4368
19317
4485
1733
6950
25170
7634
7799
4234
30201
2976
19969
15694
19145
21544
5836
5640
22663
20322
29436
26141
20379
29806
9285
13120
32380
31026
25856
31285
11113
5445
12158
10459
13914
27659
3996
31081
5942
25122
12951
4856
3142
25085
10530
4930
3306
21455
4022
26025
21642
19627
4394
2939
6608
14569
30595
14708
17940
1483
16141
28292
16664
3681
24491
26579
9462
20393
16491
5635
28246
10235
2397
30645
31972
9636
18342
32078
30722
10450
6096
23035
27577
23728
19044
26098
12790
19409
14011
30203
31731
5074
12305
19503
4083
31803
20699
1536
3890
29863
4186
11130
22556
15909
22129
17353
22717
17373
436
4858
25977
26359
5057
25862
26621
16824
30675
2572
31349
9710
6036
26590
17151
23183
12851
17599
9056
23709
10679
12139
4343
10060
14995
10328
10479
18279
20858
28732
21688
15856
29556
8143
4791
30215
27698
27858
14140
21004
13982
16464
14773
5128
21431
548
25122
9545
924
15803
27337
333
5350
1051
27179
18402
15931
12068
6454
14986
13857
27158
18876
10532
32015
9044
8484
4553
3530
19304
27488
30709
26607
1350
6687
14055
10443
11221
17475
21322
9843
20651
14741
4116
16657
6168
32439
19119
24189
5735
17755
25175
17421
4704
13491
11971
17069
20754
5672
18951
26930
20175
14927
12729
12523
2423
10777
850
22649
16378
30794
22488
24801
19224
18220
698
24800
29547
22148
14332
8831
26792
11717
23955
16102
15906
13956
3091
11381
4239
23340
647
29457
14607
32243
4512
31420
12650
23564
16915
10345
3481
12574
14908
15630
11913
12022
9991
11002
4635
7545
11280
21865
25711
14044
7945
28246
13922
5143
4701
26256
32085
15766
29458
9232
16433
13362
15860
29322
5543
1633
4080
25154
22461
17833
5566
2337
12422
28763
7875
23048
25648
9085
22325
1636
31813
10504
28032
7683
14378
13908
9960
24870
26348
28368
10096
30935
3643
32502
28923
2428
695
25470
23986
21421
21867
12498
6565
22339
14999
28355
24501
11441
19891
23674
32177
2200
22192
12465
25535
7573
29825
10787
17150
20574
20698
1088
32617
29197
16696
9254
30975
29883
31009
4557
28705
20049
12717
4481
2363
32155
27205
29078
13222
26014
9899
24663
30669
29484
20026
24127
28815
16565
4208
8300
29669
11360
29353
30544
11973
5210
27437
3498
14406
11630
11629
5044
24580
10199
2954
10910
15302
5714
4375
9276
14430
19319
15136
27388
12753
8520
29035
9754
22200
24331
9469
28183
23270
12629
14304
9575
15691
26728
4644
18794
9496
28862
2084
20381
6692
14822
30219
25362
7311
32655
13462
5661
24485
10467
19227
23633
11269
12822
714
24746
11522
21566
16179
3084
11593
24421
16392
20460
1732
31452
12324
2381
18879
16339
9677
4079
24394
25127
30774
17859
10974
23419
3656
15009
28483
19594
2722
14397
31408
2235
30943
19032
24117
32759
24599
5939
13398
31415
24232
7241
15097
23649
13110
9021
17538
24532
22256
786
17468
577
3349
410
31227
4158
2999
26929
255
2325
8640
9899
17948
19554
32306
906
10520
17885
31923
20596
19797
2932
6984
5093
23983
8605
32097
4386
18344
23018
8214
15214
12739
32733
9136
27007
12589
18431
20075
23859
674
13612
11386
29568
19087
26673
29004
4265
8308
3481
32270
7352
27021
24003
12657
9256
18097
25400
25773
28898
6522
31548
14790
12139
25766
17571
7949
29787
3005
28902
11243
13841
13812
11126
15066
3749
22610
2896
25780
23070
11025
17106
16688
1253
3655
461
4265
7802
8646
15835
13090
1126
5184
21747
4232
14705
28079
15930
22070
15636
22771
15644
11711
30513
12477
19100
20711
3074
21421
10472
7922
11344
951
21809
5922
13797
21707
19385
23675
14403
28341
21038
9929
12694
9794
15414
17636
6120
12708
24139
5171
660
31767
8905
4463
2045
23749
30021
26281
9087
13543
30753
6799
14246
14638
14429
17643
158
27233
21424
27756
2795
327
17624
29097
602
20935
18990
11107
27960
26958
6781
6154
10177
27761
23572
18563
13275
30676
4634
26665
12549
2122
29730
1554
4234
11837
25599
915
23034
4177
30170
19462
5082
324
16002
14794
9371
11545
23554
19596
16329
8565
27769
5317
13189
13641
26406
30852
10805
5041
3011
13678
13434
28188
23572
17411
12131
6574
21439
35
23264
7138
21086
15056
13433
27252
27603
6453
27199
25214
4827
25831
31235
15073
20967
12652
20679
30182
1575
31482
32370
5669
20711
8832
20936
6822
13086
27371
28824
1607
1860
23458
16439
30301
19813
11346
12846
3230
32116
7665
18736
12351
21473
25853
27215
27225
19565
2309
20079
24977
16190
23915
10234
14584
21550
30568
20693
22064
16489
17744
5267
21201
567
11032
27369
7434
3862
18453
13922
2956
10252
18950
23380
26787
18491
29013
17171
14502
25014
10906
8036
16274
23699
24929
565
2546
3138
28717
7563
32002
3869
20925
16315
12819
19519
30605
24541
8497
922
27040
20094
24324
9284
4989
24213
29172
23826
25208
6840
656
7016
6450
23184
27441
27727
31843
19595
27354
29640
15575
18384
32611
28257
17079
31352
10967
28933
15882
18427
10266
23320
8315
27624
21199
11972
25693
13530
18040
17293
17644
27559
30943
1836
19414
15066
21430
16538
22522
10852
4474
2411
367
910
24989
29021
32456
12594
6115
49
28566
28715
27405
2489
12335
25610
1717
2099
6830
25610
29817
28885
22843
5191
8283
13993
11661
7978
31848
28571
20908
9000
1944
20433
22012
10412
15350
28474
8311
13393
10240
3434
28986
18773
14161
18341
4163
28747
28285
30009
2169
5647
7741
7697
5100
22271
20940
16264
7519
2664
31888
21371
31492
8767
11005
19874
18054
13074
